start: .word 145, 104
.byte 0,0,0,0,0,0,0,0,0,0,0,0,0,0,0,0,0,0,0,0,0,0,0,0,0,0,0,0,0,0,0,0,0,0,0,0,0,0,0,0,0,0,0,0,0,0,0,0,0,0,0,0,0,0,0,0,0,0,0,0,0,0,0,0,0,0,0,0,0,0,0,0,0,0,0,0,0,0,0,0,0,0,0,0,0,0,0,0,0,0,0,0,0,0,0,0,0,0,0,0,0,0,0,0,0,0,0,0,0,0,0,0,0,0,0,0,0,0,0,0,0,0,0,0,0,0,0,0,0,0,0,0,0,0,0,0,0,0,0,0,0,0,0,0,0,
0,0,0,0,0,0,0,0,0,0,0,0,0,0,0,0,0,0,0,0,0,0,0,0,0,0,0,0,0,0,0,0,0,0,0,0,0,0,0,0,0,0,0,0,0,0,0,0,0,0,0,0,0,0,0,0,0,0,0,0,0,0,0,0,0,0,0,0,0,0,0,0,0,0,0,0,0,0,0,0,0,0,0,0,0,0,0,0,0,0,0,0,0,0,0,0,0,0,0,0,0,0,0,0,0,0,0,0,0,0,0,0,0,0,0,0,0,0,0,0,0,0,0,0,0,0,0,0,0,0,0,0,0,0,0,0,0,0,0,0,0,0,0,0,0,
0,0,0,0,0,0,0,0,0,0,0,0,0,0,0,0,0,0,0,0,0,0,0,0,0,0,0,0,0,0,0,0,0,0,0,0,0,0,0,0,0,0,0,0,0,0,0,0,0,0,0,0,0,0,0,0,0,0,0,0,0,0,0,0,0,0,0,0,0,0,0,0,0,0,0,0,0,0,0,0,0,0,0,0,0,0,0,0,0,0,0,0,0,0,0,0,0,0,0,0,0,0,0,0,0,0,0,0,0,0,0,0,0,0,0,0,0,0,0,0,0,0,0,0,0,0,0,0,0,0,0,0,0,0,0,0,0,0,0,0,0,0,0,0,0,
0,0,0,0,0,0,0,0,0,0,0,0,0,0,0,0,0,0,0,0,0,0,0,0,0,0,0,0,0,0,0,0,0,0,0,0,0,0,0,0,0,0,0,0,0,0,0,0,0,0,0,0,0,0,0,0,0,0,0,0,0,0,0,0,0,0,0,0,0,0,0,0,0,0,0,0,0,0,0,0,0,0,0,0,0,0,0,0,0,0,0,0,0,0,0,0,0,0,0,0,0,0,0,0,0,0,0,0,0,0,0,0,0,0,0,0,0,0,0,0,0,0,0,0,0,0,0,0,0,0,0,0,0,0,0,0,0,0,0,0,0,0,0,0,0,
0,0,0,0,0,0,0,9,91,164,82,0,0,0,0,0,0,0,0,0,0,0,0,0,0,0,0,0,0,0,0,0,0,0,0,0,0,0,0,0,0,0,0,0,0,0,0,0,255,82,0,0,0,0,0,0,0,0,0,0,0,0,0,0,0,0,0,0,0,0,0,0,0,0,0,0,0,0,0,0,0,0,0,0,0,0,0,0,0,0,0,0,0,0,0,0,0,0,0,0,0,0,0,0,0,0,0,0,0,0,0,0,0,0,0,0,0,0,0,0,0,0,0,0,0,0,0,0,0,0,0,0,0,0,0,0,0,0,0,0,0,0,0,0,0,
0,0,0,0,0,0,82,246,173,91,173,173,0,0,0,0,0,0,0,0,0,0,0,0,0,0,0,0,0,0,0,0,0,0,0,0,0,0,0,0,0,0,0,0,0,0,0,0,255,82,0,0,0,0,0,0,0,0,0,0,0,0,0,0,0,0,0,0,0,0,0,0,0,0,0,0,0,0,0,0,0,0,0,0,0,0,0,0,0,0,0,0,0,0,0,0,0,0,0,0,0,0,0,0,0,0,0,0,0,0,0,0,0,0,0,0,0,0,0,0,0,0,0,0,0,0,0,0,0,0,0,0,0,0,0,0,0,0,0,0,0,0,0,0,0,
0,0,0,0,0,0,173,91,0,0,0,82,0,0,9,82,73,0,0,0,82,0,73,82,0,0,82,73,0,0,0,9,82,82,0,0,0,82,0,9,82,0,0,0,0,9,82,0,255,82,0,0,0,82,82,0,0,0,0,82,82,0,0,0,0,0,0,0,0,0,0,0,0,0,0,0,0,0,0,0,0,0,0,0,0,0,0,0,0,0,0,0,0,0,0,0,0,0,0,0,0,0,0,0,0,0,0,0,0,0,0,0,0,0,0,0,0,0,0,0,0,0,0,0,0,0,0,0,0,0,0,0,0,0,0,0,0,0,0,0,0,0,0,0,0,
0,0,0,0,0,73,255,0,0,0,0,0,0,91,255,164,173,173,0,0,246,173,173,255,164,173,164,255,91,0,82,255,164,246,182,0,0,182,173,173,173,173,0,0,91,255,173,255,255,82,0,91,255,164,173,173,0,0,173,182,164,164,0,91,255,0,0,0,0,0,0,0,0,0,0,0,0,0,0,0,0,0,0,0,0,0,0,0,0,0,0,0,0,0,0,0,0,0,0,0,0,0,0,0,0,0,0,0,0,0,0,0,0,0,0,0,0,0,0,0,0,0,0,0,0,0,0,0,0,0,0,0,0,0,0,0,0,0,0,0,0,0,0,0,0,
0,0,0,0,0,82,182,0,0,0,0,0,9,255,73,0,0,246,91,0,246,91,0,73,255,82,0,91,182,0,0,0,0,0,255,9,0,182,164,0,0,255,73,0,255,82,0,82,255,82,0,255,82,0,0,173,91,0,255,0,0,0,0,73,164,0,0,0,0,0,0,0,0,0,0,0,0,0,0,0,0,0,0,0,0,0,0,0,0,0,0,0,0,0,0,0,0,0,0,0,0,0,0,0,0,0,0,0,0,0,0,0,0,0,0,0,0,0,0,0,0,0,0,0,0,0,0,0,0,0,0,0,0,0,0,0,0,0,0,0,0,0,0,0,0,
0,0,0,0,0,82,246,0,0,0,0,0,82,246,0,0,0,164,164,0,246,73,0,0,255,0,0,82,246,0,0,82,164,173,255,73,0,182,82,0,0,182,82,9,255,0,0,0,255,82,73,255,0,0,0,164,164,0,173,182,91,0,0,0,0,0,0,0,0,0,0,0,0,0,0,0,0,0,0,0,0,0,0,0,0,0,0,0,0,0,0,0,0,0,0,0,0,0,0,0,0,0,0,0,0,0,0,0,0,0,0,0,0,0,0,0,0,0,0,0,0,0,0,0,0,0,0,0,0,0,0,0,0,0,0,0,0,0,0,0,0,0,0,0,0,
0,0,0,0,0,9,255,9,0,0,0,0,82,246,0,0,0,173,91,0,246,73,0,0,255,0,0,82,246,0,91,182,91,9,255,73,0,182,82,0,0,182,82,9,255,0,0,0,255,82,9,255,0,0,0,164,164,0,0,82,246,164,0,0,0,0,0,0,0,0,0,0,0,0,0,0,0,0,0,0,0,0,0,0,0,0,0,0,0,0,0,0,0,0,0,0,0,0,0,0,0,0,0,0,0,0,0,0,0,0,0,0,0,0,0,0,0,0,0,0,0,0,0,0,0,0,0,0,0,0,0,0,0,0,0,0,0,0,0,0,0,0,0,0,0,
0,0,0,0,0,0,173,173,0,0,9,255,9,255,91,0,9,246,82,0,246,73,0,0,255,0,0,82,246,0,164,164,0,9,246,73,0,182,82,0,0,182,82,0,255,82,0,164,255,82,0,246,164,0,9,182,82,0,0,0,91,246,0,9,91,0,0,0,0,0,0,0,0,0,0,0,0,0,0,0,0,0,0,0,0,0,0,0,0,0,0,0,0,0,0,0,0,0,0,0,0,0,0,0,0,0,0,0,0,0,0,0,0,0,0,0,0,0,0,0,0,0,0,0,0,0,0,0,0,0,0,0,0,0,0,0,0,0,0,0,0,0,0,0,0,
0,0,0,0,0,0,0,164,255,246,246,91,0,91,255,182,255,91,0,0,255,73,0,0,255,0,0,82,255,0,82,246,173,255,255,73,0,255,82,0,0,255,82,0,91,255,182,164,182,82,0,82,246,246,255,91,0,82,255,173,255,91,0,82,255,0,0,0,0,0,0,0,0,0,0,0,0,0,0,0,0,0,0,0,0,0,0,0,0,0,0,0,0,0,0,0,0,0,0,0,0,0,0,0,0,0,0,0,0,0,0,0,0,0,0,0,0,0,0,0,0,0,0,0,0,0,0,0,0,0,0,0,0,0,0,0,0,0,0,0,0,0,0,0,0,
0,0,0,0,0,0,0,0,0,0,0,0,0,0,0,9,0,0,0,0,0,0,0,0,0,0,0,0,0,0,0,0,9,0,0,0,0,0,0,0,0,0,0,0,0,0,0,0,0,0,0,0,0,0,0,0,0,0,0,9,0,0,0,0,0,0,0,0,0,0,0,0,0,0,0,0,0,0,0,0,0,0,0,0,0,0,0,0,0,0,0,0,0,0,0,0,0,0,0,0,0,0,0,0,0,0,0,0,0,0,0,0,0,0,0,0,0,0,0,0,0,0,0,0,0,0,0,0,0,0,0,0,0,0,0,0,0,0,0,0,0,0,0,0,0,
0,0,0,0,0,0,0,0,0,0,0,0,0,0,0,0,0,0,0,0,0,0,0,0,0,0,0,0,0,0,0,0,0,0,0,0,0,0,0,0,0,0,0,0,0,0,0,0,0,0,0,0,0,0,0,0,0,0,0,0,0,0,0,0,0,0,0,0,0,0,0,0,0,0,0,0,0,0,0,0,0,0,0,0,0,0,0,0,0,0,0,0,0,0,0,0,0,0,0,0,0,0,0,0,0,0,0,0,0,0,0,0,0,0,0,0,0,0,0,0,0,0,0,0,0,0,0,0,0,0,0,0,0,0,0,0,0,0,0,0,0,0,0,0,0,
0,0,0,0,0,0,0,0,0,0,0,0,0,0,0,0,0,0,0,0,0,0,0,0,0,0,0,0,0,0,0,0,0,0,0,0,0,0,0,0,0,0,0,0,0,0,0,0,0,0,0,0,0,0,0,0,0,0,0,0,0,0,0,0,0,0,0,0,0,0,0,0,0,0,0,0,0,0,0,0,0,0,0,0,0,0,0,0,0,0,0,0,0,0,0,0,0,0,0,0,0,0,0,0,0,0,0,0,0,0,0,0,0,0,0,0,0,0,0,0,0,0,0,0,0,0,0,0,0,0,0,0,0,0,0,0,0,0,0,0,0,0,0,0,0,
0,0,0,0,0,0,0,0,0,0,0,0,0,0,0,0,0,0,0,0,0,0,0,0,0,0,0,0,0,0,0,0,0,0,0,0,0,0,0,0,0,0,0,0,0,0,0,0,0,0,0,0,0,0,0,0,0,0,0,0,0,0,0,0,0,0,0,0,0,0,0,0,0,0,0,0,0,0,0,0,0,0,0,0,0,0,0,0,0,0,0,0,0,0,0,0,0,0,0,0,0,0,0,0,0,0,0,0,0,0,0,0,0,0,0,0,0,0,0,0,0,0,0,0,0,0,0,0,0,0,0,0,0,0,0,0,0,0,0,0,0,0,0,0,0,
0,0,0,0,0,0,0,0,0,0,0,0,0,0,0,0,0,0,0,0,0,0,0,0,0,0,0,0,0,0,0,0,0,0,0,0,0,0,0,0,0,0,0,0,0,0,0,0,0,0,0,0,0,0,0,0,0,0,0,0,0,0,0,0,0,0,0,0,0,0,0,0,0,0,0,0,0,0,0,0,0,0,0,0,0,0,0,0,0,0,0,0,0,0,0,0,0,0,0,0,0,0,0,0,0,0,0,0,0,0,0,0,0,0,0,0,0,0,0,0,0,0,0,0,0,0,0,0,0,0,0,0,0,0,0,0,0,0,0,0,0,0,0,0,0,
0,0,0,0,0,0,0,0,0,0,0,0,0,0,0,0,0,0,0,0,0,0,0,0,0,0,0,0,0,0,0,0,0,0,0,0,0,0,0,0,0,0,0,0,0,0,0,0,0,0,0,0,0,0,0,0,0,0,0,0,0,0,0,0,0,0,0,0,0,0,0,0,0,0,0,0,0,0,0,0,0,0,0,0,0,0,0,0,0,0,0,0,0,0,0,0,0,0,0,0,0,0,0,0,0,0,0,0,0,0,0,0,0,0,0,0,0,0,0,0,0,0,0,0,0,0,0,0,0,0,0,0,0,0,0,0,0,0,0,0,0,0,0,0,0,
0,0,0,0,0,0,0,0,0,0,0,0,0,0,0,0,0,0,0,0,0,0,0,0,0,0,0,0,0,0,0,0,0,0,0,0,0,0,0,0,0,0,0,0,0,0,0,0,0,0,0,0,0,0,0,0,0,0,0,0,0,0,0,0,0,0,0,0,0,0,0,0,0,0,0,0,0,0,0,0,0,0,0,0,0,0,0,0,0,0,0,0,0,0,0,0,0,0,0,0,0,0,0,0,0,0,0,0,0,0,0,0,0,0,0,0,0,0,0,0,0,0,0,0,0,0,0,0,0,0,0,0,0,0,0,0,0,0,0,0,0,0,0,0,0,
0,0,0,0,0,0,0,0,0,0,0,0,0,0,0,0,0,0,0,0,0,0,0,91,91,91,82,0,0,0,164,0,0,0,0,0,0,0,0,0,0,0,0,0,0,0,0,0,0,0,0,0,0,0,0,0,0,0,0,0,0,0,0,0,0,0,0,0,0,0,0,0,0,0,0,0,0,0,0,0,0,0,0,0,0,0,0,0,0,0,0,255,9,0,0,0,0,0,0,0,0,0,0,0,0,0,0,0,0,73,164,0,0,0,0,0,0,0,0,0,0,0,0,0,0,0,0,0,0,0,0,0,0,0,0,0,0,0,0,0,0,0,0,0,0,
0,0,0,0,0,0,0,0,0,0,0,0,0,0,0,0,0,0,0,0,0,0,0,173,173,91,255,173,0,0,173,0,0,0,0,0,0,0,0,0,0,0,0,0,0,0,0,0,0,0,0,0,0,0,0,0,0,0,0,0,0,0,0,0,0,0,0,0,0,0,0,0,0,0,0,0,0,0,0,0,0,0,0,0,0,0,0,0,0,0,0,255,9,0,0,0,0,0,0,0,0,0,0,0,0,0,0,0,0,82,164,0,0,0,0,0,0,0,0,0,0,0,0,0,0,0,0,0,0,0,0,0,0,0,0,0,0,0,0,0,0,0,0,0,0,
0,0,0,0,0,0,0,73,82,0,82,0,0,0,0,0,0,0,0,0,0,0,0,173,91,0,0,246,82,0,82,0,0,82,0,73,82,0,0,0,0,9,82,73,0,0,0,0,0,0,0,9,82,73,0,0,0,9,82,9,0,0,0,73,82,0,82,0,0,82,0,0,0,82,0,0,0,9,82,9,0,0,0,82,9,82,0,0,73,82,0,255,9,0,0,9,82,73,0,0,0,0,0,0,0,9,82,9,0,0,82,0,0,82,0,82,73,0,0,82,9,0,0,0,73,82,9,0,0,0,0,0,0,0,0,0,0,0,0,0,0,0,0,0,0,
0,0,0,0,0,0,164,246,173,173,255,0,0,0,0,0,0,0,0,0,0,0,0,173,91,0,0,182,82,0,255,9,0,255,173,173,255,173,0,0,164,255,164,173,173,0,0,0,0,0,91,255,173,255,164,0,82,255,173,255,9,0,164,246,173,173,255,0,0,255,0,0,0,255,0,0,164,173,164,255,91,0,91,182,255,255,0,164,255,173,246,255,9,0,164,255,164,173,173,0,0,0,0,0,91,255,182,255,91,82,246,0,73,255,255,182,255,164,255,173,255,9,0,164,173,182,246,164,0,0,0,0,0,0,0,0,0,0,0,0,0,0,0,0,0,
0,0,0,0,0,73,255,0,0,91,255,0,0,0,0,0,0,0,0,0,0,0,0,173,164,73,91,246,9,0,255,9,0,255,91,0,9,255,0,9,255,9,0,0,246,82,0,0,0,9,255,9,0,82,255,0,164,91,0,0,0,73,255,0,0,91,255,0,0,255,0,0,0,255,0,82,246,0,0,91,246,0,91,255,9,0,9,255,73,0,82,255,9,9,255,9,0,0,246,82,0,0,0,9,255,82,0,0,0,82,246,0,73,255,82,0,91,246,9,0,173,91,0,9,0,0,82,246,0,0,0,0,0,0,0,0,0,0,0,0,0,0,0,0,0,
0,0,0,0,0,82,173,0,0,9,255,0,0,0,0,91,173,173,173,0,0,0,0,173,246,182,173,9,0,0,255,9,0,255,9,0,0,255,9,82,246,0,0,0,173,91,0,0,0,82,255,182,182,182,255,9,82,246,164,82,0,82,173,0,0,9,255,0,0,255,0,0,0,255,0,91,255,182,182,246,255,0,91,173,0,0,82,246,0,0,0,255,9,82,246,0,0,0,173,91,0,0,0,82,246,0,0,0,0,82,246,0,73,255,0,0,91,173,0,0,164,164,0,0,91,164,173,246,0,0,0,0,0,0,0,0,0,0,0,0,0,0,0,0,0,
0,0,0,0,0,82,173,0,0,9,255,0,0,0,0,9,9,9,9,0,0,0,0,173,91,0,0,0,0,0,255,9,0,255,9,0,0,255,9,82,246,0,0,0,173,91,0,0,0,82,255,73,73,73,9,0,0,0,91,255,82,91,173,0,0,9,255,0,0,255,0,0,0,255,0,82,182,73,73,73,9,0,91,173,0,0,82,246,0,0,0,255,9,82,246,0,0,0,173,91,0,0,0,82,246,0,0,0,0,82,246,0,73,246,0,0,91,173,0,0,164,164,0,173,164,73,82,246,0,0,0,0,0,0,0,0,0,0,0,0,0,0,0,0,0,
0,0,0,0,0,73,255,9,0,91,255,0,0,0,0,0,0,0,0,0,0,0,0,173,91,0,0,0,0,0,255,9,0,255,9,0,0,255,9,9,255,82,0,9,255,73,0,0,0,0,255,91,0,0,9,0,82,0,0,173,91,82,255,9,0,164,255,0,0,255,82,0,164,255,0,73,255,9,0,0,9,0,91,173,0,0,9,255,73,0,91,255,9,9,255,82,0,9,255,73,0,0,0,0,255,82,0,9,82,82,246,0,73,246,0,0,91,173,0,0,164,164,0,246,82,0,91,246,0,0,0,0,0,0,0,0,0,0,0,0,0,0,0,0,0,
0,0,0,0,0,0,164,255,246,164,255,0,0,0,0,0,0,0,0,0,0,0,0,173,91,0,0,0,0,0,255,9,0,255,9,0,0,255,9,0,91,255,182,255,91,0,0,0,0,0,91,246,173,182,255,0,173,182,173,173,0,0,164,255,246,164,255,0,0,91,255,246,164,255,0,0,91,255,173,255,246,0,91,173,0,0,0,91,255,182,164,255,9,0,91,255,182,255,91,0,0,0,0,0,91,255,182,246,91,82,246,0,73,255,0,0,91,173,0,0,164,164,0,91,255,173,164,255,0,0,0,0,0,0,0,0,0,0,0,0,0,0,0,0,0,
0,0,0,0,0,0,0,0,9,9,255,0,0,0,0,0,0,0,0,0,0,0,0,0,0,0,0,0,0,0,0,0,0,0,0,0,0,0,0,0,0,0,9,0,0,0,0,0,0,0,0,0,0,9,0,0,0,9,0,0,0,0,0,0,0,73,255,0,0,0,0,0,0,0,0,0,0,0,9,0,0,0,0,0,0,0,0,0,0,0,0,0,0,0,0,0,9,0,0,0,0,0,0,0,0,0,9,0,0,0,0,0,0,0,0,0,0,0,0,0,0,0,0,0,0,0,0,0,0,0,0,0,0,0,0,0,0,0,0,0,0,0,0,0,0,
0,0,0,0,0,0,0,0,0,9,255,0,0,0,0,0,0,0,0,0,0,0,0,0,0,0,0,0,0,0,0,0,0,0,0,0,0,0,0,0,0,0,0,0,0,0,0,0,0,0,0,0,0,0,0,0,0,0,0,0,0,0,0,0,0,73,255,0,0,0,0,0,0,0,0,0,0,0,0,0,0,0,0,0,0,0,0,0,0,0,0,0,0,0,0,0,0,0,0,0,0,0,0,0,0,0,0,0,0,0,0,0,0,0,0,0,0,0,0,0,0,0,0,0,0,0,0,0,0,0,0,0,0,0,0,0,0,0,0,0,0,0,0,0,0,
0,0,0,0,0,0,0,0,0,0,91,0,0,0,0,0,0,0,0,0,0,0,0,0,0,0,0,0,0,0,0,0,0,0,0,0,0,0,0,0,0,0,0,0,0,0,0,0,0,0,0,0,0,0,0,0,0,0,0,0,0,0,0,0,0,0,91,0,0,0,0,0,0,0,0,0,0,0,0,0,0,0,0,0,0,0,0,0,0,0,0,0,0,0,0,0,0,0,0,0,0,0,0,0,0,0,0,0,0,0,0,0,0,0,0,0,0,0,0,0,0,0,0,0,0,0,0,0,0,0,0,0,0,0,0,0,0,0,0,0,0,0,0,0,0,
0,0,0,0,0,0,0,0,0,0,0,0,0,0,0,0,0,0,0,0,0,0,0,0,0,0,0,0,0,0,0,0,0,0,0,0,0,0,0,0,0,0,0,0,0,0,0,0,0,0,0,0,0,0,0,0,0,0,0,0,0,0,0,0,0,0,0,0,0,0,0,0,0,0,0,0,0,0,0,0,0,0,0,0,0,0,0,0,0,0,0,0,0,0,0,0,0,0,0,0,0,0,0,0,0,0,0,0,0,0,0,0,0,0,0,0,0,0,0,0,0,0,0,0,0,0,0,0,0,0,0,0,0,0,0,0,0,0,0,0,0,0,0,0,0,
0,0,0,0,0,0,0,0,0,0,0,0,0,0,0,0,0,0,0,0,0,0,0,0,0,0,0,0,0,0,0,0,0,0,0,0,0,0,0,0,0,0,0,0,0,0,0,0,0,0,0,0,0,0,0,0,0,0,0,0,0,0,0,0,0,0,0,0,0,0,0,0,0,0,0,0,0,0,0,0,0,0,0,0,0,0,0,0,0,0,0,0,0,0,0,0,0,0,0,0,0,0,0,0,0,0,0,0,0,0,0,0,0,0,0,0,0,0,0,0,0,0,0,0,0,0,0,0,0,0,0,0,0,0,0,0,0,0,0,0,0,0,0,0,0,
0,0,0,0,0,0,0,0,0,0,0,0,0,0,0,0,0,0,0,0,0,0,0,0,0,0,0,0,0,0,0,0,0,0,0,0,0,0,0,0,0,0,0,0,0,0,0,0,0,0,0,0,0,0,0,0,0,0,0,0,0,0,0,0,0,0,0,0,0,0,0,0,0,0,0,0,0,0,0,0,0,0,0,0,0,0,0,0,0,0,0,0,0,0,0,0,0,0,0,0,0,0,0,0,0,0,0,0,0,0,0,0,0,0,0,0,0,0,0,0,0,0,0,0,0,0,0,0,0,0,0,0,0,0,0,0,0,0,0,0,0,0,0,0,0,
0,0,0,0,0,0,0,0,0,0,0,0,0,0,0,0,0,0,0,0,0,0,0,0,0,0,0,0,0,0,0,0,0,0,0,0,0,0,0,0,0,0,0,0,0,0,0,0,0,0,0,0,0,0,0,0,0,0,0,0,0,0,0,0,0,0,0,0,0,0,0,0,0,0,0,0,0,0,0,0,0,0,0,0,0,0,0,0,0,0,0,0,0,0,0,0,0,0,0,0,0,0,0,0,0,0,0,0,0,0,0,0,0,0,0,0,0,0,0,0,0,0,0,0,0,0,0,0,0,0,0,0,0,0,0,0,0,0,0,0,0,0,0,0,0,
0,0,0,0,0,0,0,0,0,0,0,0,0,0,0,0,0,0,0,0,0,0,0,0,0,0,0,0,0,0,0,0,0,0,0,0,0,0,0,0,0,0,0,0,0,0,0,0,0,0,0,0,0,0,0,0,0,0,0,0,0,0,0,0,0,0,0,0,0,0,0,0,0,0,0,0,0,0,0,0,0,0,0,0,0,0,0,0,0,0,0,0,0,0,0,0,0,0,0,0,0,0,0,0,0,0,0,0,0,0,0,0,0,0,0,0,0,0,0,0,0,0,0,0,0,0,0,0,0,0,0,0,0,0,0,0,0,0,0,0,0,0,0,0,0,
0,0,0,0,0,0,0,0,0,0,0,0,0,0,0,0,0,0,0,0,0,0,0,91,91,91,82,0,0,82,164,0,0,0,0,0,0,0,0,0,0,0,0,0,0,0,0,0,0,0,0,0,0,91,255,0,82,164,0,0,0,0,0,0,0,0,0,0,0,0,0,164,0,0,0,0,0,0,0,0,0,0,0,0,0,0,0,0,0,0,0,0,0,164,82,0,0,0,0,0,0,0,0,0,0,0,0,0,0,0,0,0,0,0,0,0,0,0,0,0,0,0,0,0,0,0,0,0,0,0,0,0,0,0,0,0,0,0,0,0,0,0,0,0,0,
0,0,0,0,0,0,0,0,0,0,0,0,0,0,0,0,0,0,0,0,0,0,9,255,164,164,255,164,0,82,164,0,0,0,0,0,0,0,0,0,0,0,0,0,0,0,0,0,0,0,0,0,0,91,182,0,82,164,0,0,0,0,0,0,0,0,0,0,0,0,9,173,0,0,255,82,0,0,0,0,0,0,0,0,0,0,0,0,0,0,0,0,0,164,91,0,0,0,0,0,0,0,0,0,0,0,0,0,0,0,0,0,0,0,0,0,0,0,0,0,0,0,0,0,0,0,0,0,0,0,0,0,0,0,0,0,0,0,0,0,0,0,0,0,0,
0,0,0,0,0,0,0,9,82,9,0,0,0,0,0,0,0,0,0,0,0,0,9,255,0,0,82,255,0,9,73,0,0,73,0,82,9,0,0,0,0,9,82,9,0,0,0,0,0,0,0,82,73,91,182,0,0,82,0,0,82,0,82,0,0,0,82,73,0,0,0,82,0,73,182,164,73,0,0,73,82,9,0,0,0,0,0,0,0,82,82,0,0,73,9,0,73,0,9,82,0,0,73,82,0,0,0,0,82,82,0,0,0,0,0,0,0,0,0,0,0,0,0,0,0,0,0,0,0,0,0,0,0,0,0,0,0,0,0,0,0,0,0,0,0,
0,0,0,0,0,0,91,255,164,255,91,0,0,0,0,0,0,0,0,0,0,0,9,255,0,0,73,255,0,91,173,0,82,246,255,182,255,91,0,0,173,173,164,255,91,0,0,0,0,0,173,173,173,246,182,0,82,246,0,73,246,246,173,82,82,255,164,255,164,0,9,255,0,255,255,182,173,0,173,173,164,255,82,0,0,0,0,0,173,173,173,182,0,173,91,0,164,173,182,173,173,164,173,182,173,0,9,255,164,173,255,9,0,0,0,0,0,0,0,0,0,0,0,0,0,0,0,0,0,0,0,0,0,0,0,0,0,0,0,0,0,0,0,0,0,
0,0,0,0,0,73,246,0,0,91,246,0,0,0,0,0,0,0,0,0,0,0,9,255,73,82,246,164,0,91,173,0,82,246,73,0,91,173,0,91,173,0,0,82,246,0,0,0,0,91,173,0,0,164,182,0,82,246,0,73,255,91,0,0,246,82,0,9,255,9,9,255,0,0,246,82,0,0,9,0,0,91,164,0,0,0,0,164,173,0,0,82,0,173,91,0,164,173,0,0,246,164,0,9,255,0,0,9,0,0,173,91,0,0,0,0,0,0,0,0,0,0,0,0,0,0,0,0,0,0,0,0,0,0,0,0,0,0,0,0,0,0,0,0,0,
0,0,0,0,0,82,255,182,182,182,255,0,0,0,0,173,173,173,82,0,0,0,9,255,246,173,91,0,0,91,173,0,82,173,0,0,82,173,0,173,91,0,0,0,255,9,0,0,0,164,164,0,0,91,182,0,82,246,0,73,255,0,0,0,255,173,182,182,255,82,9,255,0,0,182,82,0,0,0,91,164,246,173,0,0,0,0,173,91,0,0,0,0,173,91,0,164,91,0,0,182,82,0,0,255,9,0,73,91,164,255,91,0,0,0,0,0,0,0,0,0,0,0,0,0,0,0,0,0,0,0,0,0,0,0,0,0,0,0,0,0,0,0,0,0,
0,0,0,0,0,82,246,73,73,73,9,0,0,0,0,9,9,9,0,0,0,0,9,255,0,0,0,0,0,91,173,0,82,173,0,0,82,173,0,173,164,0,0,0,255,0,0,0,0,164,164,0,0,91,182,0,82,246,0,73,246,0,0,0,255,82,73,73,73,0,9,255,0,0,173,82,0,0,182,91,73,164,173,0,0,0,0,173,91,0,0,0,0,173,91,0,164,91,0,0,182,82,0,0,255,9,73,255,82,82,173,91,0,0,0,0,0,0,0,0,0,0,0,0,0,0,0,0,0,0,0,0,0,0,0,0,0,0,0,0,0,0,0,0,0,
0,0,0,0,0,9,255,82,0,0,9,0,0,0,0,0,0,0,0,0,0,0,9,255,0,0,0,0,0,91,173,0,82,173,0,0,82,173,0,91,173,0,0,164,173,0,0,0,0,91,173,0,0,173,182,0,82,246,0,73,246,0,0,0,182,164,0,0,9,0,9,255,0,0,173,91,0,9,255,9,0,164,173,0,0,0,0,91,173,0,0,91,0,173,91,0,164,91,0,0,182,82,0,0,255,9,82,182,0,0,246,91,0,0,0,0,0,0,0,0,0,0,0,0,0,0,0,0,0,0,0,0,0,0,0,0,0,0,0,0,0,0,0,0,0,
0,0,0,0,0,0,91,255,173,255,246,0,0,0,0,0,0,0,0,0,0,0,9,255,0,0,0,0,0,91,173,0,82,173,0,0,82,173,0,0,164,255,246,182,73,0,0,0,0,0,173,246,255,164,182,0,82,246,0,73,255,0,0,0,82,182,182,182,173,0,9,255,0,0,91,255,255,0,173,255,255,173,255,0,0,0,0,0,173,255,255,164,0,173,91,0,164,91,0,0,255,82,0,0,255,9,0,182,246,255,173,91,0,0,0,0,0,0,0,0,0,0,0,0,0,0,0,0,0,0,0,0,0,0,0,0,0,0,0,0,0,0,0,0,0,
0,0,0,0,0,0,0,0,9,0,0,0,0,0,0,0,0,0,0,0,0,0,0,0,0,0,0,0,0,0,0,0,0,0,0,0,0,0,0,0,0,0,0,0,0,0,0,0,0,0,0,0,0,0,0,0,0,0,0,0,0,0,0,0,0,0,0,9,0,0,0,0,0,0,0,0,0,0,0,0,0,0,0,0,0,0,0,0,0,0,9,0,0,0,0,0,0,0,0,0,0,0,0,0,0,0,0,0,0,0,0,0,0,0,0,0,0,0,0,0,0,0,0,0,0,0,0,0,0,0,0,0,0,0,0,0,0,0,0,0,0,0,0,0,0,
0,0,0,0,0,0,0,0,0,0,0,0,0,0,0,0,0,0,0,0,0,0,0,0,0,0,0,0,0,0,0,0,0,0,0,0,0,0,0,0,0,0,0,0,0,0,0,0,0,0,0,0,0,0,0,0,0,0,0,0,0,0,0,0,0,0,0,0,0,0,0,0,0,0,0,0,0,0,0,0,0,0,0,0,0,0,0,0,0,0,0,0,0,0,0,0,0,0,0,0,0,0,0,0,0,0,0,0,0,0,0,0,0,0,0,0,0,0,0,0,0,0,0,0,0,0,0,0,0,0,0,0,0,0,0,0,0,0,0,0,0,0,0,0,0,
0,0,0,0,0,0,0,0,0,0,0,0,0,0,0,0,0,0,0,0,0,0,0,0,0,0,0,0,0,0,0,0,0,0,0,0,0,0,0,0,0,0,0,0,0,0,0,0,0,0,0,0,0,0,0,0,0,0,0,0,0,0,0,0,0,0,0,0,0,0,0,0,0,0,0,0,0,0,0,0,0,0,0,0,0,0,0,0,0,0,0,0,0,0,0,0,0,0,0,0,0,0,0,0,0,0,0,0,0,0,0,0,0,0,0,0,0,0,0,0,0,0,0,0,0,0,0,0,0,0,0,0,0,0,0,0,0,0,0,0,0,0,0,0,0,
0,0,0,0,0,0,0,0,0,0,0,0,0,0,0,0,0,0,0,0,0,0,0,0,0,0,0,0,0,0,0,0,0,0,0,0,0,0,0,0,0,0,0,0,0,0,0,0,0,0,0,0,0,0,0,0,0,0,0,0,0,0,0,0,0,0,0,0,0,0,0,0,0,0,0,0,0,0,0,0,0,0,0,0,0,0,0,0,0,0,0,0,0,0,0,0,0,0,0,0,0,0,0,0,0,0,0,0,0,0,0,0,0,0,0,0,0,0,0,0,0,0,0,0,0,0,0,0,0,0,0,0,0,0,0,0,0,0,0,0,0,0,0,0,0,
0,0,0,0,0,0,0,0,0,0,0,0,0,0,0,0,0,0,0,0,0,0,0,0,0,0,0,0,0,0,0,0,0,0,0,0,0,0,0,0,0,0,0,0,0,0,0,0,0,0,0,0,0,0,0,0,0,0,0,0,0,0,0,0,0,0,0,0,0,0,0,0,0,0,0,0,0,0,0,0,0,0,0,0,0,0,0,0,0,0,0,0,0,0,0,0,0,0,0,0,0,0,0,0,0,0,0,0,0,0,0,0,0,0,0,0,0,0,0,0,0,0,0,0,0,0,0,0,0,0,0,0,0,0,0,0,0,0,0,0,0,0,0,0,0,
0,0,0,0,0,0,0,0,0,0,0,0,0,0,0,0,0,0,0,0,0,0,0,0,0,0,0,0,0,0,0,0,0,0,0,0,0,0,0,0,0,0,0,0,0,0,0,0,0,0,0,0,0,0,0,0,0,0,0,0,0,0,0,0,0,0,0,0,0,0,0,0,0,0,0,0,0,0,0,0,0,0,0,0,0,0,0,0,0,0,0,0,0,0,0,0,0,0,0,0,0,0,0,0,0,0,0,0,0,0,0,0,0,0,0,0,0,0,0,0,0,0,0,0,0,0,0,0,0,0,0,0,0,0,0,0,0,0,0,0,0,0,0,0,0,
0,0,0,0,0,0,0,0,0,0,0,0,0,0,0,0,0,0,0,0,0,0,0,0,0,0,0,0,0,0,0,0,0,0,0,0,0,0,0,0,0,0,0,0,0,0,0,0,0,0,0,0,0,0,0,0,0,0,0,0,0,0,0,0,0,0,0,0,0,0,0,0,0,0,0,0,0,0,0,0,0,0,0,0,0,0,0,0,0,0,0,0,0,0,0,0,0,0,0,0,0,0,0,0,0,0,0,0,0,0,0,0,0,0,0,0,0,0,0,0,0,0,0,0,0,0,0,0,0,0,0,0,0,0,0,0,0,0,0,0,0,0,0,0,0,
0,0,0,0,0,0,0,0,0,0,0,0,0,0,0,0,0,0,0,0,0,0,9,91,91,91,9,0,0,91,91,0,0,0,0,0,0,0,0,0,0,0,0,0,0,0,0,0,0,0,0,0,0,0,0,0,0,0,0,0,0,0,0,0,0,0,0,0,0,0,0,0,0,0,0,0,0,0,0,0,0,0,0,0,0,0,0,0,0,0,173,164,0,0,0,0,0,0,0,0,0,0,9,255,0,0,0,0,0,0,0,0,0,0,0,0,164,82,0,0,0,0,0,0,0,0,0,0,0,0,0,0,0,0,0,0,0,0,0,0,0,0,0,0,0,
0,0,0,0,0,0,0,0,0,0,0,0,0,0,0,0,0,0,0,0,0,0,91,246,91,255,255,82,0,164,91,0,0,0,0,0,0,0,0,0,0,0,0,0,0,0,0,0,0,0,0,0,0,0,0,0,0,0,0,0,0,0,0,0,0,0,0,0,0,0,0,0,0,0,0,0,0,0,0,0,0,0,0,0,0,0,0,0,0,0,173,164,0,0,0,0,0,0,0,0,0,0,9,255,0,0,0,0,0,0,0,0,0,0,0,0,164,82,0,0,0,0,0,0,0,0,0,0,0,0,0,0,0,0,0,0,0,0,0,0,0,0,0,0,0,
0,0,0,0,0,0,0,82,82,0,0,0,0,0,0,0,0,0,0,0,0,0,91,246,0,0,164,173,0,82,73,0,82,9,9,82,9,0,0,0,0,73,82,9,0,0,0,0,0,0,0,82,82,0,0,0,0,82,82,0,0,0,9,82,0,82,9,0,73,0,0,0,73,0,0,0,0,82,82,0,0,0,82,0,82,9,0,9,82,9,173,164,0,0,73,82,9,0,0,0,0,0,9,255,0,82,73,0,0,0,9,82,82,0,0,0,82,0,0,82,0,0,9,73,0,0,9,82,9,0,0,0,0,0,0,0,0,0,0,0,0,0,0,0,0,
0,0,0,0,0,9,255,164,173,255,9,0,0,0,0,0,0,0,0,0,0,0,91,246,0,0,91,173,0,173,164,0,164,173,246,173,255,9,0,82,246,173,173,246,82,0,0,0,0,9,182,164,173,173,0,0,182,164,182,91,0,91,255,182,255,182,91,0,173,91,0,0,173,91,0,82,255,164,255,173,0,0,255,173,246,91,82,255,173,255,255,164,0,173,173,164,246,164,0,0,0,0,9,255,255,164,246,164,0,82,255,164,173,246,0,0,182,91,9,255,82,0,173,91,0,173,173,164,255,91,0,0,0,0,0,0,0,0,0,0,0,0,0,0,0,
0,0,0,0,0,0,0,0,0,173,91,0,0,0,0,0,0,0,0,0,0,0,91,246,9,91,246,91,0,173,164,0,164,173,0,0,173,91,0,173,91,0,0,164,173,0,0,0,0,173,91,0,0,255,91,9,246,0,0,0,0,173,82,0,9,246,91,0,173,91,0,0,173,91,0,182,82,0,0,255,82,0,255,91,0,0,173,91,0,0,182,164,0,9,0,0,82,182,0,0,0,0,9,255,82,0,82,255,9,0,0,0,0,246,82,0,182,91,0,91,255,91,173,0,91,173,0,0,82,255,0,0,0,0,0,0,0,0,0,0,0,0,0,0,0,
0,0,0,0,0,0,73,164,173,255,91,0,0,0,9,173,173,173,0,0,0,0,91,255,246,173,82,0,0,173,164,0,164,164,0,0,164,164,0,246,82,0,0,82,246,0,0,0,0,246,173,182,182,255,164,0,173,173,91,0,0,255,9,0,0,182,91,0,173,91,0,0,173,91,0,255,173,182,182,255,91,0,255,0,0,0,246,82,0,0,173,164,0,0,91,164,173,246,0,0,0,0,9,255,0,0,0,246,82,0,82,164,173,246,82,0,182,91,0,0,182,255,82,0,164,164,0,0,0,255,9,0,0,0,0,0,0,0,0,0,0,0,0,0,0,
0,0,0,0,0,82,255,82,9,173,91,0,0,0,0,9,9,9,0,0,0,0,91,246,0,0,0,0,0,173,164,0,164,164,0,0,164,164,0,246,82,0,0,82,182,0,0,0,0,182,91,73,73,73,0,0,0,82,173,164,0,255,9,0,0,182,91,0,173,91,0,0,173,91,0,255,82,73,73,73,0,0,255,0,0,0,246,82,0,0,173,164,0,173,164,73,91,246,0,0,0,0,9,255,0,0,0,255,73,82,246,82,9,246,82,0,182,91,0,0,246,255,91,0,164,164,0,0,0,255,9,0,0,0,0,0,0,0,0,0,0,0,0,0,0,
0,0,0,0,0,91,173,0,0,246,91,0,0,0,0,0,0,0,0,0,0,0,91,182,0,0,0,0,0,173,164,0,164,164,0,0,164,164,0,173,164,0,0,164,164,0,0,0,0,164,164,0,0,0,0,82,0,0,82,173,0,182,91,0,82,255,91,0,164,164,0,82,255,91,0,173,91,0,0,9,0,0,255,0,0,0,173,173,0,73,246,164,0,246,82,0,91,246,0,0,0,0,9,255,91,0,82,246,0,91,164,0,9,255,82,0,182,91,0,164,164,82,255,0,91,182,0,0,164,173,0,0,0,0,0,0,0,0,0,0,0,0,0,0,0,
0,0,0,0,0,0,182,182,255,173,91,0,0,0,0,0,0,0,0,0,0,0,91,182,0,0,0,0,0,173,164,0,164,164,0,0,164,164,0,9,173,246,255,173,0,0,0,0,0,9,173,246,173,255,82,82,255,173,255,82,0,82,255,182,173,255,91,0,73,246,182,173,173,91,0,82,173,182,173,182,9,0,255,0,0,0,82,246,182,182,164,164,0,164,255,173,164,255,0,0,0,0,9,255,173,246,255,82,0,9,246,173,255,182,82,0,182,91,82,246,0,0,164,255,0,164,255,246,182,73,0,0,0,0,0,0,0,0,0,0,0,0,0,0,0,
0,0,0,0,0,0,0,9,0,0,0,0,0,0,0,0,0,0,0,0,0,0,0,0,0,0,0,0,0,0,0,0,0,0,0,0,0,0,0,0,0,0,0,0,0,0,0,0,0,0,0,0,9,0,0,0,0,9,0,0,0,0,0,9,0,246,91,0,0,0,9,0,0,0,0,0,0,0,9,0,0,0,0,0,0,0,0,0,9,0,0,0,0,0,0,0,0,0,0,0,0,0,0,0,0,9,0,0,0,0,0,9,0,0,0,0,0,0,0,0,0,0,0,0,0,0,0,0,0,0,0,0,0,0,0,0,0,0,0,0,0,0,0,0,0,
0,0,0,0,0,0,0,0,0,0,0,0,0,0,0,0,0,0,0,0,0,0,0,0,0,0,0,0,0,0,0,0,0,0,0,0,0,0,0,0,0,0,0,0,0,0,0,0,0,0,0,0,0,0,0,0,0,0,0,0,0,0,0,0,0,246,91,0,0,0,0,0,0,0,0,0,0,0,0,0,0,0,0,0,0,0,0,0,0,0,0,0,0,0,0,0,0,0,0,0,0,0,0,0,0,0,0,0,0,0,0,0,0,0,0,0,0,0,0,0,0,0,0,0,0,0,0,0,0,0,0,0,0,0,0,0,0,0,0,0,0,0,0,0,0,
0,0,0,0,0,0,0,0,0,0,0,0,0,0,0,0,0,0,0,0,0,0,0,0,0,0,0,0,0,0,0,0,0,0,0,0,0,0,0,0,0,0,0,0,0,0,0,0,0,0,0,0,0,0,0,0,0,0,0,0,0,0,0,0,0,91,9,0,0,0,0,0,0,0,0,0,0,0,0,0,0,0,0,0,0,0,0,0,0,0,0,0,0,0,0,0,0,0,0,0,0,0,0,0,0,0,0,0,0,0,0,0,0,0,0,0,0,0,0,0,0,0,0,0,0,0,0,0,0,0,0,0,0,0,0,0,0,0,0,0,0,0,0,0,0,
0,0,0,0,0,0,0,0,0,0,0,0,0,0,0,0,0,0,0,0,0,0,0,0,0,0,0,0,0,0,0,0,0,0,0,0,0,0,0,0,0,0,0,0,0,0,0,0,0,0,0,0,0,0,0,0,0,0,0,0,0,0,0,0,0,0,0,0,0,0,0,0,0,0,0,0,0,0,0,0,0,0,0,0,0,0,0,0,0,0,0,0,0,0,0,0,0,0,0,0,0,0,0,0,0,0,0,0,0,0,0,0,0,0,0,0,0,0,0,0,0,0,0,0,0,0,0,0,0,0,0,0,0,0,0,0,0,0,0,0,0,0,0,0,0,
0,0,0,0,0,0,0,0,0,0,0,0,0,0,0,0,0,0,0,0,0,0,0,0,0,0,0,0,0,0,0,0,0,0,0,0,0,0,0,0,0,0,0,0,0,0,0,0,0,0,0,0,0,0,0,0,0,0,0,0,0,0,0,0,0,0,0,0,0,0,0,0,0,0,0,0,0,0,0,0,0,0,0,0,0,0,0,0,0,0,0,0,0,0,0,0,0,0,0,0,0,0,0,0,0,0,0,0,0,0,0,0,0,0,0,0,0,0,0,0,0,0,0,0,0,0,0,0,0,0,0,0,0,0,0,0,0,0,0,0,0,0,0,0,0,
0,0,0,0,0,0,0,0,0,0,0,0,0,0,0,0,0,0,0,0,0,0,0,0,0,0,0,0,0,0,0,0,0,0,0,0,0,0,0,0,0,0,0,0,0,0,0,0,0,0,0,0,0,0,0,0,0,0,0,0,0,0,0,0,0,0,0,0,0,0,0,0,0,0,0,0,0,0,0,0,0,0,0,0,0,0,0,0,0,0,0,0,0,0,0,0,0,0,0,0,0,0,0,0,0,0,0,0,0,0,0,0,0,0,0,0,0,0,0,0,0,0,0,0,0,0,0,0,0,0,0,0,0,0,0,0,0,0,0,0,0,0,0,0,0,
0,0,0,0,0,0,0,0,0,0,0,0,0,0,0,0,0,0,0,0,0,0,0,0,0,0,0,0,0,0,0,0,0,0,0,0,0,0,0,0,0,0,0,0,0,0,0,0,0,0,0,0,0,0,0,0,0,0,0,0,0,0,0,0,0,0,0,0,0,0,0,0,0,0,0,0,0,0,0,0,0,0,0,0,0,0,0,0,0,0,0,0,0,0,0,0,0,0,0,0,0,0,0,0,0,0,0,0,0,0,0,0,0,0,0,0,0,0,0,0,0,0,0,0,0,0,0,0,0,0,0,0,0,0,0,0,0,0,0,0,0,0,0,0,0,
0,0,0,0,0,0,0,0,0,9,255,0,0,0,0,0,0,0,0,0,0,0,0,91,91,91,82,0,0,0,164,0,0,0,0,0,0,0,0,0,0,0,0,0,0,0,0,0,0,0,0,0,0,0,255,73,0,164,9,0,0,0,0,0,0,0,0,0,0,0,0,164,82,0,0,0,0,0,0,0,0,0,0,0,0,0,0,0,255,9,0,0,0,0,0,0,0,0,0,0,0,91,91,0,0,0,0,0,0,0,0,0,0,0,0,0,0,0,0,0,0,0,0,0,0,0,0,0,0,0,0,0,0,0,0,0,0,0,0,0,0,0,0,0,0,
0,0,0,0,0,0,0,0,0,9,255,0,0,0,0,0,0,0,0,0,0,0,0,173,173,91,255,173,0,0,173,0,0,0,0,0,0,0,0,0,0,0,0,0,0,0,0,0,0,0,0,0,0,0,255,73,0,173,73,0,0,0,0,0,0,0,0,0,0,0,0,164,82,0,173,246,0,0,0,0,0,0,0,0,0,0,0,0,255,9,0,0,0,0,0,0,0,0,0,0,0,91,91,0,0,0,0,0,0,0,0,0,0,0,0,0,0,0,0,0,0,0,0,0,0,0,0,0,0,0,0,0,0,0,0,0,0,0,0,0,0,0,0,0,0,
0,0,0,0,0,0,0,73,82,9,255,0,0,0,0,0,0,0,0,0,0,0,0,173,91,0,0,246,82,0,82,0,0,82,0,73,82,0,0,0,0,9,82,73,0,0,0,0,0,0,0,73,82,0,255,73,0,82,0,0,82,0,82,91,0,0,73,82,0,0,0,82,0,0,164,182,73,0,0,9,82,73,0,0,0,0,0,0,255,9,82,82,0,0,0,0,82,82,0,0,0,82,82,0,82,0,0,0,82,0,0,9,82,73,0,0,0,0,0,0,0,0,0,0,0,0,0,0,0,0,0,0,0,0,0,0,0,0,0,0,0,0,0,0,0,
0,0,0,0,0,0,164,182,173,246,255,0,0,0,0,0,0,0,0,0,0,0,0,173,91,0,0,182,82,0,255,9,0,255,173,173,255,173,0,0,164,255,164,173,173,0,0,0,0,0,164,255,173,255,255,73,0,255,82,0,182,173,173,164,0,173,164,173,246,9,0,182,91,91,173,255,173,82,91,255,164,173,173,0,0,0,0,0,255,173,173,182,173,0,9,255,173,164,255,9,0,164,164,0,173,164,0,164,164,0,164,182,164,255,164,0,0,0,0,0,0,0,0,0,0,0,0,0,0,0,0,0,0,0,0,0,0,0,0,0,0,0,0,0,0,
0,0,0,0,0,73,255,0,0,91,255,0,0,0,0,0,0,0,0,0,0,0,0,173,164,73,91,246,9,0,255,9,0,255,91,0,9,255,0,9,255,9,0,0,246,82,0,0,0,0,255,82,0,82,255,73,0,255,82,0,182,164,0,0,164,164,0,0,173,164,0,182,91,0,91,173,0,0,0,0,0,73,255,0,0,0,0,0,255,91,0,0,246,82,0,9,0,0,173,91,0,164,164,0,82,255,91,255,0,82,246,0,0,73,255,73,0,0,0,0,0,0,0,0,0,0,0,0,0,0,0,0,0,0,0,0,0,0,0,0,0,0,0,0,0,
0,0,0,0,0,82,173,0,0,9,255,0,0,0,0,91,173,173,173,0,0,0,0,173,246,182,173,9,0,0,255,9,0,255,9,0,0,255,9,82,246,0,0,0,173,91,0,0,0,73,246,0,0,0,255,73,0,255,82,0,182,82,0,0,173,246,182,182,246,173,0,182,91,0,91,173,0,0,0,82,164,173,255,0,0,0,0,0,255,9,0,0,173,91,0,9,91,164,246,91,0,164,164,0,0,164,255,91,0,91,173,0,0,0,182,82,0,0,0,0,0,0,0,0,0,0,0,0,0,0,0,0,0,0,0,0,0,0,0,0,0,0,0,0,0,
0,0,0,0,0,82,173,0,0,9,255,0,0,0,0,9,9,9,9,0,0,0,0,173,91,0,0,0,0,0,255,9,0,255,9,0,0,255,9,82,246,0,0,0,173,91,0,0,0,82,246,0,0,0,255,73,0,255,82,0,182,82,0,0,173,164,73,73,73,0,0,182,91,0,91,173,0,0,164,173,82,73,255,0,0,0,0,0,255,9,0,0,173,91,73,255,82,82,173,91,0,164,164,0,0,173,246,164,0,91,173,0,0,0,246,82,0,0,0,0,0,0,0,0,0,0,0,0,0,0,0,0,0,0,0,0,0,0,0,0,0,0,0,0,0,
0,0,0,0,0,73,255,9,0,91,255,0,0,0,0,0,0,0,0,0,0,0,0,173,91,0,0,0,0,0,255,9,0,255,9,0,0,255,9,9,255,82,0,9,255,73,0,0,0,0,255,82,0,164,255,73,0,255,82,0,182,82,0,0,91,173,0,0,0,0,0,182,91,0,82,182,0,0,173,91,0,82,255,0,0,0,0,0,255,164,0,9,255,73,82,182,0,0,246,91,0,164,164,0,91,173,9,255,82,82,255,9,0,82,246,0,0,0,0,0,0,0,0,0,0,0,0,0,0,0,0,0,0,0,0,0,0,0,0,0,0,0,0,0,0,
0,0,0,0,0,0,164,255,255,164,255,0,0,0,0,0,0,0,0,0,0,0,0,173,91,0,0,0,0,0,255,9,0,255,9,0,0,255,9,0,91,255,182,255,91,0,0,0,0,0,91,255,182,164,246,73,0,255,82,0,255,82,0,0,0,164,255,173,255,164,0,182,91,0,9,246,255,91,82,255,173,255,255,0,0,0,0,0,255,164,246,255,91,0,0,182,246,255,173,91,0,164,164,9,255,73,0,91,255,0,91,255,182,255,82,0,0,0,0,0,0,0,0,0,0,0,0,0,0,0,0,0,0,0,0,0,0,0,0,0,0,0,0,0,0,
0,0,0,0,0,0,0,0,0,0,0,0,0,0,0,0,0,0,0,0,0,0,0,0,0,0,0,0,0,0,0,0,0,0,0,0,0,0,0,0,0,0,9,0,0,0,0,0,0,0,0,0,0,0,0,0,0,0,0,0,0,0,0,0,0,0,0,9,0,0,0,0,0,0,0,0,9,0,0,0,0,0,0,0,0,0,0,0,0,0,9,0,0,0,0,0,0,0,0,0,0,0,0,0,0,0,0,0,0,0,0,0,0,0,0,0,0,0,0,0,0,0,0,0,0,0,0,0,0,0,0,0,0,0,0,0,0,0,0,0,0,0,0,0,0,
0,0,0,0,0,0,0,0,0,0,0,0,0,0,0,0,0,0,0,0,0,0,0,0,0,0,0,0,0,0,0,0,0,0,0,0,0,0,0,0,0,0,0,0,0,0,0,0,0,0,0,0,0,0,0,0,0,0,0,0,0,0,0,0,0,0,0,0,0,0,0,0,0,0,0,0,0,0,0,0,0,0,0,0,0,0,0,0,0,0,0,0,0,0,0,0,0,0,0,0,0,0,0,0,0,0,0,0,0,0,0,0,0,0,0,0,0,0,0,0,0,0,0,0,0,0,0,0,0,0,0,0,0,0,0,0,0,0,0,0,0,0,0,0,0,
0,0,0,0,0,0,0,0,0,0,0,0,0,0,0,0,0,0,0,0,0,0,0,0,0,0,0,0,0,0,0,0,0,0,0,0,0,0,0,0,0,0,0,0,0,0,0,0,0,0,0,0,0,0,0,0,0,0,0,0,0,0,0,0,0,0,0,0,0,0,0,0,0,0,0,0,0,0,0,0,0,0,0,0,0,0,0,0,0,0,0,0,0,0,0,0,0,0,0,0,0,0,0,0,0,0,0,0,0,0,0,0,0,0,0,0,0,0,0,0,0,0,0,0,0,0,0,0,0,0,0,0,0,0,0,0,0,0,0,0,0,0,0,0,0,
0,0,0,0,0,0,0,0,0,0,0,0,0,0,0,0,0,0,0,0,0,0,0,0,0,0,0,0,0,0,0,0,0,0,0,0,0,0,0,0,0,0,0,0,0,0,0,0,0,0,0,0,0,0,0,0,0,0,0,0,0,0,0,0,0,0,0,0,0,0,0,0,0,0,0,0,0,0,0,0,0,0,0,0,0,0,0,0,0,0,0,0,0,0,0,0,0,0,0,0,0,0,0,0,0,0,0,0,0,0,0,0,0,0,0,0,0,0,0,0,0,0,0,0,0,0,0,0,0,0,0,0,0,0,0,0,0,0,0,0,0,0,0,0,0,
0,0,0,0,0,0,0,0,0,0,0,0,0,0,0,0,0,0,0,0,0,0,0,0,0,0,0,0,0,0,0,0,0,0,0,0,0,0,0,0,0,0,0,0,0,0,0,0,0,0,0,0,0,0,0,0,0,0,0,0,0,0,0,0,0,0,0,0,0,0,0,0,0,0,0,0,0,0,0,0,0,0,0,0,0,0,0,0,0,0,0,0,0,0,0,0,0,0,0,0,0,0,0,0,0,0,0,0,0,0,0,0,0,0,0,0,0,0,0,0,0,0,0,0,0,0,0,0,0,0,0,0,0,0,0,0,0,0,0,0,0,0,0,0,0,
0,0,0,0,0,0,0,0,0,0,0,0,0,0,0,0,0,0,0,0,0,0,0,0,0,0,0,0,0,0,0,0,0,0,0,0,0,0,0,0,0,0,0,0,0,0,0,0,0,0,0,0,0,0,0,0,0,0,0,0,0,0,0,0,0,0,0,0,0,0,0,0,0,0,0,0,0,0,0,0,0,0,0,0,0,0,0,0,0,0,0,0,0,0,0,0,0,0,0,0,0,0,0,0,0,0,0,0,0,0,0,0,0,0,0,0,0,0,0,0,0,0,0,0,0,0,0,0,0,0,0,0,0,0,0,0,0,0,0,0,0,0,0,0,0,
0,0,0,0,0,0,0,0,0,0,0,0,0,0,0,0,0,0,0,0,0,0,0,0,0,0,0,0,0,0,0,0,0,0,0,0,0,0,0,0,0,0,0,0,0,0,0,0,0,0,0,0,0,0,0,0,0,0,0,0,0,0,0,0,0,0,0,0,0,0,0,0,0,0,0,0,0,0,0,0,0,0,0,0,0,0,0,0,0,0,0,0,0,0,0,0,0,0,0,0,0,0,0,0,0,0,0,0,0,0,0,0,0,0,0,0,0,0,0,0,0,0,0,0,0,0,0,0,0,0,0,0,0,0,0,0,0,0,0,0,0,0,0,0,0,
0,0,0,0,0,0,0,0,91,82,0,0,0,0,0,0,0,0,0,0,0,0,0,0,0,0,0,0,0,0,0,0,0,0,0,0,0,0,0,0,0,0,0,0,0,0,91,91,91,73,0,0,0,0,0,0,0,0,0,0,0,0,0,0,0,0,0,0,0,0,0,0,0,0,0,0,0,0,0,0,0,0,0,0,0,0,0,0,0,0,0,0,0,0,0,0,0,0,0,0,0,0,0,0,0,0,0,0,0,0,0,0,0,0,0,0,0,0,0,0,0,0,0,0,0,0,0,0,0,0,0,0,0,0,0,0,0,0,0,0,0,0,0,0,0,
0,0,0,0,0,0,0,73,255,182,0,0,0,0,0,0,0,0,0,0,0,0,0,0,0,0,0,0,0,0,0,0,255,91,0,0,0,0,0,0,0,0,0,0,0,73,255,164,164,255,164,0,0,0,0,0,0,0,0,0,0,0,0,0,0,0,0,0,0,0,0,0,0,0,0,0,0,0,0,0,0,0,0,0,0,0,0,0,0,0,0,0,0,0,0,0,0,0,0,0,0,0,0,0,0,0,0,0,0,0,0,0,0,0,0,0,0,0,0,0,0,0,0,0,0,0,0,0,0,0,0,0,0,0,0,0,0,0,0,0,0,0,0,0,0,
0,0,0,0,0,0,0,164,173,255,82,0,0,0,82,0,82,9,0,0,0,0,73,82,9,0,0,73,0,82,82,73,173,164,73,0,0,73,82,9,0,0,0,0,0,73,255,0,0,91,246,0,0,0,0,0,82,0,82,73,0,0,0,0,82,82,0,0,0,73,0,82,82,0,9,82,73,0,0,0,0,0,0,0,9,82,9,0,0,0,73,82,9,0,0,0,73,0,82,9,0,9,82,9,0,0,0,0,82,73,0,0,0,0,73,82,9,0,0,9,82,73,0,0,0,73,0,82,0,0,0,0,0,0,0,0,0,0,0,0,0,0,0,0,0,
0,0,0,0,0,0,0,246,82,182,164,0,0,82,246,255,182,255,164,0,0,173,164,173,246,73,0,173,173,255,255,246,255,182,173,0,173,173,164,255,91,0,0,0,0,73,255,0,0,164,182,0,0,0,0,0,255,173,164,182,173,0,73,255,164,173,246,9,0,173,173,255,255,91,255,164,173,173,0,0,0,0,0,91,255,182,255,91,0,173,173,173,255,91,0,82,246,255,164,255,164,255,173,246,0,0,82,255,164,255,173,0,0,164,173,164,255,82,164,173,182,246,164,0,9,246,173,173,82,0,0,0,0,0,0,0,0,0,0,0,0,0,0,0,0,
0,0,0,0,0,0,82,255,0,82,246,0,0,82,246,9,0,91,246,0,91,164,0,0,173,164,0,173,173,0,0,0,182,91,0,0,9,0,0,91,173,0,0,0,0,73,255,173,173,246,82,0,0,0,0,0,255,82,0,0,255,73,0,0,0,0,173,82,0,173,173,0,0,0,0,0,0,255,9,0,0,0,9,255,82,0,0,9,164,173,0,0,82,246,0,82,246,9,0,164,173,0,0,182,82,0,182,82,0,0,255,73,82,255,0,0,9,0,9,0,0,82,246,0,9,255,91,0,0,0,0,0,0,0,0,0,0,0,0,0,0,0,0,0,0,
0,0,0,0,0,0,164,173,9,9,255,82,0,82,182,0,0,0,255,9,164,246,182,182,246,173,0,173,91,0,0,0,173,82,0,0,0,91,164,246,173,0,0,0,0,73,255,82,91,255,9,0,0,0,0,0,255,0,0,0,182,82,0,73,164,173,255,91,0,173,91,0,0,0,82,164,173,255,9,0,0,0,82,246,0,0,0,0,173,91,0,0,9,255,0,82,173,0,0,91,164,0,0,173,91,0,255,173,182,182,255,91,91,173,0,0,0,0,0,91,164,173,246,0,9,255,0,0,0,0,0,0,0,0,0,0,0,0,0,0,0,0,0,0,0,
0,0,0,0,0,0,246,246,246,246,246,173,0,82,182,0,0,9,255,0,164,164,73,73,73,9,0,173,91,0,0,0,173,82,0,0,182,91,73,164,173,0,0,0,0,73,255,0,0,173,164,0,0,0,0,0,255,0,0,0,246,82,82,255,82,9,182,91,0,173,91,0,0,91,173,91,9,255,9,0,0,0,82,246,0,0,0,0,173,91,0,0,9,255,0,82,173,0,0,91,164,0,0,173,91,0,255,82,73,73,73,0,91,173,0,0,0,0,173,164,73,82,246,0,9,255,0,0,0,0,0,0,0,0,0,0,0,0,0,0,0,0,0,0,0,
0,0,0,0,0,82,246,0,0,0,82,255,0,82,255,82,0,91,173,0,91,173,0,0,0,0,0,173,91,0,0,0,173,91,0,0,255,9,0,91,173,0,0,0,0,73,255,0,0,82,246,0,0,0,0,0,255,91,0,82,255,9,91,173,0,0,255,91,0,173,91,0,0,164,164,0,73,255,9,0,0,0,0,255,91,0,9,82,91,173,0,0,164,173,0,82,173,0,0,91,164,0,0,173,91,0,173,91,0,0,9,0,82,255,9,0,82,9,246,82,0,82,246,0,9,255,0,0,82,82,0,0,0,0,0,0,0,0,0,0,0,0,0,0,0,
0,0,0,0,0,255,91,0,0,0,0,182,91,82,255,173,182,246,82,0,0,164,255,173,255,173,0,173,91,0,0,0,91,255,255,0,164,255,255,173,255,0,0,0,0,73,255,0,0,0,182,91,0,0,0,0,255,173,246,255,91,0,9,182,182,255,173,91,0,173,91,0,0,82,255,246,255,255,9,0,0,0,0,91,255,182,246,91,0,173,255,246,173,9,0,82,173,0,0,91,164,0,0,173,91,0,82,173,182,173,182,9,0,164,255,182,182,9,91,255,173,164,255,0,9,255,0,0,173,164,0,0,0,0,0,0,0,0,0,0,0,0,0,0,0,
0,0,0,0,0,0,0,0,0,0,0,0,0,82,246,0,9,0,0,0,0,0,0,9,0,0,0,0,0,0,0,0,0,0,0,0,0,0,0,0,0,0,0,0,0,0,0,0,0,0,0,0,0,0,0,0,255,0,9,0,0,0,0,0,9,0,0,0,0,0,0,0,0,0,0,0,0,0,0,0,0,0,0,0,0,9,0,0,0,0,0,0,0,0,0,0,0,0,0,0,0,0,0,0,0,0,0,0,0,9,0,0,0,0,82,173,0,0,0,0,0,0,0,0,0,0,0,0,0,0,0,0,0,0,0,0,0,0,0,0,0,0,0,0,0,
0,0,0,0,0,0,0,0,0,0,0,0,0,82,173,0,0,0,0,0,0,0,0,0,0,0,0,0,0,0,0,0,0,0,0,0,0,0,0,0,0,0,0,0,0,0,0,0,0,0,0,0,0,0,0,0,255,0,0,0,0,0,0,0,0,0,0,0,0,0,0,0,0,0,0,0,0,0,0,0,0,0,0,0,0,0,0,0,0,0,0,0,0,0,0,0,0,0,0,0,0,0,0,0,0,0,0,0,0,0,0,0,0,82,173,246,0,0,0,0,0,0,0,0,0,0,0,0,0,0,0,0,0,0,0,0,0,0,0,0,0,0,0,0,0,
0,0,0,0,0,0,0,0,0,0,0,0,0,9,91,0,0,0,0,0,0,0,0,0,0,0,0,0,0,0,0,0,0,0,0,0,0,0,0,0,0,0,0,0,0,0,0,0,0,0,0,0,0,0,0,0,91,0,0,0,0,0,0,0,0,0,0,0,0,0,0,0,0,0,0,0,0,0,0,0,0,0,0,0,0,0,0,0,0,0,0,0,0,0,0,0,0,0,0,0,0,0,0,0,0,0,0,0,0,0,0,0,0,9,91,73,0,0,0,0,0,0,0,0,0,0,0,0,0,0,0,0,0,0,0,0,0,0,0,0,0,0,0,0,0,
0,0,0,0,0,0,0,0,0,0,0,0,0,0,0,0,0,0,0,0,0,0,0,0,0,0,0,0,0,0,0,0,0,0,0,0,0,0,0,0,0,0,0,0,0,0,0,0,0,0,0,0,0,0,0,0,0,0,0,0,0,0,0,0,0,0,0,0,0,0,0,0,0,0,0,0,0,0,0,0,0,0,0,0,0,0,0,0,0,0,0,0,0,0,0,0,0,0,0,0,0,0,0,0,0,0,0,0,0,0,0,0,0,0,0,0,0,0,0,0,0,0,0,0,0,0,0,0,0,0,0,0,0,0,0,0,0,0,0,0,0,0,0,0,0,
0,0,0,0,0,0,0,0,0,0,0,0,0,0,0,0,0,0,0,0,0,0,0,0,0,0,0,0,0,0,0,0,0,0,0,0,0,0,0,0,0,0,0,0,0,0,0,0,0,0,0,0,0,0,0,0,0,0,0,0,0,0,0,0,0,0,0,0,0,0,0,0,0,0,0,0,0,0,0,0,0,0,0,0,0,0,0,0,0,0,0,0,0,0,0,0,0,0,0,0,0,0,0,0,0,0,0,0,0,0,0,0,0,0,0,0,0,0,0,0,0,0,0,0,0,0,0,0,0,0,0,0,0,0,0,0,0,0,0,0,0,0,0,0,0,
0,0,0,0,0,0,0,0,0,0,0,0,0,0,0,0,0,0,0,0,0,0,0,0,0,0,0,0,0,0,0,0,0,0,0,0,0,0,0,0,0,0,0,0,0,0,0,0,0,0,0,0,0,0,0,0,0,0,0,0,0,0,0,0,0,0,0,0,0,0,0,0,0,0,0,0,0,0,0,0,0,0,0,0,0,0,0,0,0,0,0,0,0,0,0,0,0,0,0,0,0,0,0,0,0,0,0,0,0,0,0,0,0,0,0,0,0,0,0,0,0,0,0,0,0,0,0,0,0,0,0,0,0,0,0,0,0,0,0,0,0,0,0,0,0,
0,0,0,0,0,0,0,0,0,0,0,0,0,0,0,0,0,0,0,0,0,0,0,0,0,0,0,0,0,0,0,0,0,0,0,0,0,0,0,0,0,0,0,0,0,0,0,0,0,0,0,0,0,0,0,0,0,0,0,0,0,0,0,0,0,0,0,0,0,0,0,0,0,0,0,0,0,0,0,0,0,0,0,0,0,0,0,0,0,0,0,0,0,0,0,0,0,0,0,0,0,0,0,0,0,0,0,0,0,0,0,0,0,0,0,0,0,0,0,0,0,0,0,0,0,0,0,0,0,0,0,0,0,0,0,0,0,0,0,0,0,0,0,0,0,
0,0,0,0,0,0,0,0,0,0,0,0,0,0,0,0,0,0,0,0,0,0,0,0,0,0,0,0,0,0,0,0,0,0,0,0,0,0,0,0,0,0,0,0,0,0,0,0,0,0,0,0,0,0,0,0,0,0,0,0,0,0,0,0,0,0,0,0,0,0,0,0,0,0,0,0,0,0,0,0,0,0,0,0,0,0,0,0,0,0,0,0,0,0,0,0,0,0,0,0,0,0,0,0,0,0,0,0,0,0,0,0,0,0,0,0,0,0,0,0,0,0,0,0,0,0,0,0,0,0,0,0,0,0,0,0,0,0,0,0,0,0,0,0,0,
0,0,0,0,0,0,0,0,0,0,0,0,0,0,0,0,0,0,0,0,0,0,0,0,0,0,0,0,0,0,0,0,0,0,0,0,0,0,0,0,0,0,0,0,0,0,0,0,0,0,0,0,0,0,0,0,0,0,0,0,0,0,0,0,0,0,0,0,0,0,0,0,0,0,0,0,0,0,0,0,0,0,0,0,0,0,0,0,0,0,0,0,0,0,0,0,0,0,0,0,0,0,0,0,0,0,0,0,0,0,0,0,0,0,0,0,0,0,0,0,0,0,0,0,0,0,0,0,0,0,0,0,0,0,0,0,0,0,0,0,0,0,0,0,0,
0,0,0,0,0,0,0,0,0,0,0,0,0,0,0,0,0,0,0,0,0,0,0,0,0,0,0,0,0,0,0,0,0,0,0,0,0,0,0,0,0,0,0,0,0,0,0,0,0,0,0,0,0,0,0,0,0,0,0,0,0,0,0,0,0,0,0,0,0,0,0,0,0,0,0,0,0,0,0,0,0,0,0,0,0,0,0,0,0,0,0,0,0,0,0,0,0,0,0,0,0,0,0,0,0,0,0,0,0,0,0,0,0,0,0,0,0,0,0,0,0,0,0,0,0,0,0,0,0,0,0,0,0,0,0,0,0,0,0,0,0,0,0,0,0,


